g=9.81;  mp=0.5; l=1;  mc=3;